20
8
1
1
22
20
24
8
4
29
6
30
17
25
18
16
27
11
4
26
8
15
19
6
1
5
11
8
11
4
1
15
14
30
14
13
6
14
13
20
2
28
13
2
3
12
10
19
9
10
28
18
5
20
8
21
10
28
14
16
26
26
12
11
18
1
2
8
13
14
24
22
17
15
10
7
12
30
5
9
10
3
3
3
30
2
4
13
29
25
12
30
28
8
11
12
13
29
17
15
12
26
28
9
26
26
11
19
25
9
8
23
22
29
7
6
11
25
5
30
27
7
3
6
25
8
19
14
17
14
23
10
14
26
19
9
8
5
18
12
8
26
21
7
3
19
2
2
3
4
30
11
1
17
29
20
23
25
17
19
27
27
22
15
14
1
11
27
18
9
7
5
7
29
3
28
14
28
10
12
27
24
15
2
2
30
13
27
26
30
7
28
4
22
8
1
8
19
12
10
