22
9
29
13
10
32
36
23
17
30
11
33
26
8
26
12
12
17
39
20
34
13
16
9
39
38
26
26
16
7
32
39
1
18
32
24
39
32
40
24
37
29
22
8
26
12
20
33
8
7
18
34
16
35
30
34
40
11
6
26
22
20
6
2
30
32
29
14
23
34
2
13
4
20
28
30
31
32
15
24
16
2
2
12
27
38
29
25
7
11
39
36
18
19
30
25
10
30
8
2
30
2
22
19
27
25
17
8
3
31
20
4
40
39
1
23
7
33
23
26
23
33
33
34
40
15
26
39
24
23
5
24
32
21
9
5
22
23
25
9
36
22
25
10
37
1
12
30
40
16
35
3
29
3
32
26
12
21
24
25
37
8
7
21
18
6
30
33
16
1
7
5
28
24
1
5
11
6
7
20
34
16
34
14
36
19
23
31
26
16
3
3
36
14
11
35
14
2
9
33
6
28
40
40
33
25
16
26
13
9
13
23
9
5
18
8
17
23
27
21
30
37
24
33
2
11
5
16
1
36
30
17
35
13
40
22
38
30
3
29
8
5
3
3
17
1
30
12
31
1
8
33
20
15
18
22
2
36
25
23
15
24
34
22
19
30
35
4
30
34
21
34
7
8
22
34
31
3
26
15
3
14
34
29
24
18
21
7
25
13
18
35
21
19
40
36
12
12
4
36
31
18
26
12
7
20
23
25
21
28
19
29
25
10
12
31
22
27
29
7
27
34
37
19
13
40
28
31
31
35
25
12
4
33
14
16
11
15
13
21
40
34
20
1
4
25
19
2
3
13
39
11
11
38
15
8
4
36
27
34
3
15
4
23
8
27
6
1
24
27
34
33
13
32
25
8
8
31
27
34
17
29
13
23
29
23
17
15
31
26
40
18
17
27
18
17
9
21
29
28
33
5
12
25
6
3
31
14
34
31
40
35
37
38
6
7
22
40
26
37
24
14
31
18
16
5
38
38
34
34
31
37
19
9
21
17
17
30
32
38
14
31
30
9
20
20
35
14
26
20
28
4
28
37
20
39
10
40
38
27
7
6
17
39
25
19
25
5
24
14
2
29
31
18
16
1
16
4
34
16
28
32
4
2
8
35
4
29
27
23
20
34
20
15
6
31
24
39
6
26
32
30
33
22
2
19
19
5
22
17
30
3
9
17
30
34
6
18
10
39
24
40
29
1
20
30
26
17
3
9
30
2
22
34
7
7
26
31
27
11
19
24
19
33
4
33
6
8
20
40
34
35
12
29
13
11
13
25
33
9
15
36
6
11
5
23
26
34
4
11
36
14
25
4
6
7
26
13
8
33
4
25
32
34
20
3
40
4
10
35
40
2
24
6
26
8
8
16
29
27
35
1
9
10
30
33
17
8
6
17
23
7
12
32
17
35
28
38
1
8
39
33
2
24
25
33
38
13
21
26
29
15
20
6
23
35
20
28
19
17
13
1
8
16
31
17
16
32
31
2
13
35
40
38
27
25
22
27
5
14
38
32
12
2
18
6
18
30
33
32
13
6
2
17
7
23
8
25
34
5
25
3
24
1
9
14
8
31
36
14
5
16
17
22
16
24
26
5
22
13
23
26
37
2
34
21
39
16
13
3
9
16
15
5
6
31
14
22
12
14
31
23
16
37
17
33
37
36
31
38
23
22
36
5
14
10
8
8
14
7
33
27
19
19
13
12
26
40
35
9
27
20
2
18
35
11
1
4
29
19
6
23
40
28
34
21
4
10
17
16
22
40
7
14
3
35
22
11
9
24
37
4
17
11
34
19
33
21
39
12
30
40
18
3
14
3
31
7
3
37
17
15
20
23
37
32
22
35
39
40
7
3
14
18
19
23
10
14
7
7
22
12
3
9
8
21
21
23
14
39
40
16
3
3
28
25
30
12
7
24
27
5
40
29
35
7
4
6
15
7
2
5
18
1
1
23
4
27
9
12
18
23
38
7
11
30
25
9
30
38
18
14
7
32
40
11
32
24
8
33
12
10
20
3
15
37
18
25
1
15
29
31
33
29
10
5
6
5
1
19
1
2
35
8
38
3
26
23
9
17
12
7
6
26
17
22
1
23
12
33
27
6
23
2
6
37
22
7
24
28
30
27
19
29
6
27
5
35
3
31
19
28
2
2
8
29
23
16
20
16
18
36
7
28
9
27
13
18
40
40
28
39
5
21
16
27
8
27
23
36
39
38
32
7
25
23
23
5
24
15
3
6
17
5
33
21
8
21
9
8
28
38
38
10
33
13
36
30
37
3
