23
2
35
30
41
20
26
37
33
9
1
11
15
46
39
49
26
11
22
55
15
26
16
25
16
3
58
9
5
21
56
29
29
13
9
36
32
29
1
18
18
19
10
17
56
29
10
56
51
19
57
3
28
60
54
17
40
52
8
39
5
34
23
41
23
58
54
55
14
4
32
54
30
21
54
45
18
50
12
35
41
11
24
34
32
12
22
10
38
12
35
49
17
27
15
35
15
30
13
27
51
43
13
17
39
58
10
46
24
37
47
18
20
7
40
16
29
36
42
25
34
36
47
22
7
21
29
56
22
16
22
56
12
27
41
11
48
39
20
41
26
13
37
5
57
28
16
57
59
2
31
32
12
54
37
16
51
50
5
19
28
25
2
45
21
37
36
17
36
51
54
9
37
52
51
56
58
13
17
16
19
51
12
52
52
37
56
4
38
11
54
44
26
47
40
7
9
43
33
1
