3
35
21
34
27
28
7
8
23
22
25
26
11
5
13
11
24
11
11
13
19
29
14
22
30
22
37
26
13
31
3
30
7
8
12
37
22
31
36
35
37
15
13
6
13
5
20
21
3
12
9
25
18
24
26
32
33
23
27
24
33
12
11
24
6
29
30
2
7
28
11
21
19
26
33
24
25
15
3
24
4
39
13
26
25
38
25
28
23
28
27
21
26
4
21
37
28
14
15
39
9
20
23
36
5
34
34
33
12
6
12
32
21
15
9
20
28
3
40
13
27
8
33
36
28
20
19
25
13
15
12
24
1
30
30
9
31
11
2
15
9
31
20
8
11
26
19
35
38
10
35
33
8
23
33
17
26
39
10
7
38
21
9
23
10
19
19
27
29
33
24
21
21
6
8
22
11
3
23
20
36
7
31
34
4
21
40
33
9
10
31
36
2
26
8
2
10
34
1
13
20
16
13
39
28
30
2
28
40
14
40
10
18
23
38
37
35
6
34
7
21
8
20
28
20
27
7
4
19
21
22
18
15
20
31
1
26
12
7
15
22
39
26
9
11
14
20
37
15
14
1
15
17
6
30
11
34
29
34
33
33
8
28
23
34
25
34
40
18
11
27
2
33
33
2
37
36
15
31
24
22
9
36
37
26
31
9
5
8
34
12
6
17
8
16
16
33
27
9
15
33
8
2
11
5
2
19
11
32
39
10
32
2
19
28
22
28
8
8
37
24
15
9
38
31
8
14
32
40
14
40
3
10
38
39
12
23
13
17
6
13
1
9
18
1
8
15
13
34
5
33
24
39
33
14
5
39
13
27
29
36
38
12
14
18
33
24
2
17
22
1
3
36
18
7
26
6
12
25
38
33
25
39
10
10
10
14
40
36
35
25
1
39
23
8
6
37
7
32
32
25
17
15
12
12
5
33
19
13
35
4
14
36
40
5
14
36
32
22
25
3
13
20
25
39
37
8
30
14
26
26
20
2
34
29
31
31
31
12
19
2
33
23
16
1
7
1
34
33
29
25
14
31
15
2
17
7
12
17
19
10
14
28
8
8
13
10
23
10
35
18
36
26
2
3
8
1
34
5
16
21
31
19
27
14
7
6
36
35
24
15
32
37
8
40
1
23
30
39
33
40
22
32
35
8
27
38
10
11
28
14
21
36
32
25
2
9
6
19
7
7
38
20
17
18
27
35
19
11
18
26
32
39
19
2
27
23
6
36
3
9
18
32
37
11
14
14
25
7
34
15
39
15
32
23
34
30
36
1
26
9
27
6
8
32
39
28
2
5
24
40
30
16
31
39
3
20
36
14
19
2
23
28
5
40
19
25
32
29
15
38
33
27
6
16
37
34
22
18
18
5
21
6
31
36
24
23
21
13
37
22
29
31
16
24
24
12
3
32
30
18
23
14
14
15
15
27
36
39
11
40
40
20
2
26
27
32
40
28
29
25
23
26
26
17
2
21
3
25
37
39
40
18
40
5
11
24
18
12
7
28
34
1
32
4
9
34
21
9
28
26
24
28
5
37
38
21
32
32
1
26
27
11
34
9
23
39
20
18
20
30
37
28
32
27
37
10
32
31
17
34
39
5
1
2
19
27
13
31
39
5
23
3
11
23
33
2
24
39
39
26
39
21
7
36
17
9
37
11
25
15
3
32
22
32
30
32
37
32
27
18
3
24
16
1
39
32
16
34
38
35
30
18
16
22
3
16
16
22
26
10
33
21
24
15
36
17
33
16
22
1
21
4
6
29
10
30
5
17
35
5
29
29
14
16
20
28
36
3
10
15
1
3
21
30
19
18
6
26
39
40
28
26
38
38
7
8
7
40
39
14
39
38
3
18
3
15
13
36
6
3
18
8
30
26
39
37
16
14
32
25
36
35
34
22
19
23
16
36
36
1
27
28
7
18
1
15
17
2
40
33
30
17
29
29
4
36
13
6
3
39
12
16
35
13
28
9
23
25
29
23
13
7
3
38
7
5
38
14
19
31
34
15
22
12
22
35
16
11
34
6
25
25
17
12
10
34
38
31
30
32
11
35
38
37
37
25
3
34
11
4
39
10
29
3
21
38
2
27
15
29
9
9
37
23
9
17
27
22
28
13
4
34
30
30
26
40
27
8
32
22
39
21
23
5
31
17
4
3
12
28
10
36
16
17
20
21
1
35
3
13
2
7
29
1
17
18
31
18
27
23
17
28
19
13
39
14
10
11
33
1
33
17
24
38
34
13
16
9
36
38
37
4
28
24
6
9
24
36
31
