36
11
6
10
21
13
7
12
16
33
38
27
10
20
30
35
25
34
17
18
22
40
31
5
8
35
13
6
11
32
1
37
8
33
4
10
22
25
1
21
38
12
26
18
36
30
9
4
17
39
36
21
22
31
34
23
35
20
10
10
29
28
18
3
5
9
13
37
5
1
22
14
22
31
17
16
30
18
33
27
21
15
28
20
14
13
34
28
18
5
28
16
31
12
10
40
16
31
29
5
15
2
3
36
30
21
40
2
18
35
25
19
16
32
4
36
10
30
20
16
2
12
33
10
31
12
20
25
29
15
24
1
31
24
35
11
31
26
36
11
14
14
14
10
16
12
18
8
22
14
36
31
39
20
36
15
8
23
37
9
40
6
34
3
33
6
19
39
8
10
23
16
22
7
36
26
15
33
17
28
23
32
5
13
4
9
25
8
15
18
8
14
12
30
31
7
1
17
14
36
28
1
30
36
12
25
5
40
33
11
21
5
16
16
36
22
31
23
36
4
31
9
17
3
31
29
19
1
28
37
9
14
22
27
6
11
22
25
24
33
36
4
18
38
6
4
28
6
2
11
33
12
36
7
38
36
27
30
26
30
13
5
40
33
35
37
17
18
24
26
39
7
34
17
37
36
3
38
18
25
18
7
12
14
10
1
8
28
36
13
16
2
40
38
38
32
15
25
29
28
